[
  ["0Z" "1Z" "2Z" "3Z" "4Z" "1L" "1R" "1LB" "1RB" "2L" "2R" "3L" "3R" "4L" "4R" "1LC" "1RC" "2LB" "2RB" "1LA" "1RA" "1LD" "1RD" "2LC" "2RC" "3LB" "3RB" "3LC" "3RC" "2LD" "2RD" "3RD" "3LD" "9Z" "8Z" "7Z" "6Z" "10L" "10R" "9L" "9R" "8L" "8R" "7L" "7R" "6L" "6R" "5L" "5R" "4LD" "4RD" "5LC" "5RC" "5LB" "5RB" "3LA" "3RA" "2LA" "2RA" "4LC" "4RC" "4LB" "4RB" ]
  ["x" "y" "z" ]
]

[ [  89.5  0.7  18 ] ]
[ [  83.8  0.7  51 ] ]
[ [  55.1  -0.7  82.2 ] ]
[ [  19  -1.2  96.6 ] ]
[ [  -21.9  0.1  99.4 ] ]
[ [  89.2  30.4  17.3 ] ]
[ [  89.7  -28.5  18.7 ] ]
[ [  71.1  54.4  34.3 ] ]
[ [  74.3  -51.6  36.2 ] ]
[ [  68.5  32.9  61.8 ] ]
[ [  70.8  -31.5  61.3 ] ]
[ [  34.4  34  83.4 ] ]
[ [  40  -33.6  82.5 ] ]
[ [  -1.9  33.8  90.7 ] ]
[ [  -0.6  -33.9  91.6 ] ]
[ [  65.1  64.5  0.4 ] ]
[ [  66.5  -62.8  6 ] ]
[ [  38.7  77.7  31 ] ]
[ [  41.6  -74  33.3 ] ]
[ [  19.8  66.4  63.2 ] ]
[ [  23.9  -66  62.1 ] ]
[ [  49  71.8  -35.7 ] ]
[ [  49.5  -72.2  -30.5 ] ]
[ [  26.6  82.5  -5.9 ] ]
[ [  27.6  -81.9  -5.5 ] ]
[ [  -5.4  86.9  29.9 ] ]
[ [  -0.2  -84.9  33.4 ] ]
[ [  -18  89.1  -9.8 ] ]
[ [  -12.7  -88.6  -7.6 ] ]
[ [  8.4  80.3  -41 ] ]
[ [  9.7  -81.3  -41.6 ] ]
[ [  -41.6  -78.8  -53.7 ] ]
[ [  -34.8  77  -58.2 ] ]
[ [  -111.3  0.5  -39.4 ] ]
[ [  -112.4  1.2  -3.5 ] ]
[ [  -102.7  0.7  30.6 ] ]
[ [  -88.3  2.7  66.1 ] ]
[ [  -102.2  24.3  -54.3 ] ]
[ [  -104.3  -24.9  -52.8 ] ]
[ [ -106.3  28.5  -22.3 ] ]
[ [  -110  -25.6  -20.7 ] ]
[ [  -103  30.6  8.2 ] ]
[ [  -104.7  -28.9  11.8 ] ]
[ [  -91  35.4  45.4 ] ]
[ [  -93.3  -31  49.3 ] ]
[ [  -74.7  37.6  72.1 ] ]
[ [  -74.8  -32.7  75.2 ] ]
[ [  -41.3  37.7  88.4 ] ]
[ [  -38.2  -34  91.1 ] ]
[ [  -78.9  53.8  -59.4 ] ]
[ [ -78  -57.9  -57.6 ] ]
[ [ -87.5  54.7  -22.7 ] ]
[ [ -88.3  -58.2  -19.7 ] ]
[ [ -83.1  59  15.6 ] ]
[ [ -85.8  -58.6  17.5 ] ]
[ [ -67.3  61.2  53.8 ] ]
[ [ -63.8  -60.3  60.5 ] ]
[ [ -26.5  67.9  65.8 ] ]
[ [ -25.9  -67.9  67.9 ] ]
[ [ -58.7  78.3  -18.1 ] ]
[ [ -56.4  -81.5  -15.6 ] ]
[ [ -50.3  81.5  20.9 ] ]
[ [ -44.4  -83.3  27.2 ] ]